80.33153983921511 -86.04647657088935 0.108074
80.80367195975658 -85.88199898642186 0.10187844023929148
81.27580408029806 -85.71752140195437 0.09568288047858295
81.74793620083953 -85.55304381748688 0.08948732071787442
82.220068321381 -85.38856623301939 0.0832917609571659
82.69220044192248 -85.2240886485519 0.07709620119645737
83.16433256246395 -85.05961106408441 0.07090064143574884
83.63646468300543 -84.89513347961692 0.06470508167504031
84.1085968035469 -84.73065589514943 0.05850952191433178
84.58072892408838 -84.56617831068193 0.052313962153623245
85.05286104462985 -84.40170072621444 0.04611840239291471
85.52499316517132 -84.23722314174695 0.039922842632206176
85.9971252857128 -84.07274555727946 0.03372728287149764
86.46925740625427 -83.90826797281197 0.027531723110789108
86.9488590517915 -83.7670613837118 0.02097727479895766
87.42846069732873 -83.62585479461164 0.014422826487126214
87.90806234286596 -83.48464820551148 0.007868378175294767
88.38766398840319 -83.34344161641131 0.00131392986346332
88.86726563394042 -83.20223502731115 -0.005240518448368127
89.34686727947765 -83.06102843821098 -0.011794966760199574
89.82646892501488 -82.91982184911082 -0.01834941507203102
90.30607057055211 -82.77861526001065 -0.024903863383862468
90.78567221608934 -82.63740867091049 -0.031458311695693915
91.26527386162657 -82.49620208181032 -0.03801276000752536
91.7448755071638 -82.35499549271016 -0.04456720831935681
92.22447715270103 -82.21378890361 -0.051121656631188256
92.70965078404156 -82.09354905851181 -0.06332522588810663
93.19482441538209 -81.97330921341363 -0.075528795145025
93.67999804672262 -81.85306936831545 -0.08773236440194337
94.16517167806315 -81.73282952321726 -0.09993593365886175
94.65034530940368 -81.61258967811908 -0.11213950291578012
95.1355189407442 -81.4923498330209 -0.1243430721726985
95.62069257208474 -81.37210998792271 -0.13654664142961687
96.10445722749678 -81.24627446474 -0.1482589972726253
96.58822188290883 -81.12043894155728 -0.1599713531156337
97.07198653832087 -80.99460341837457 -0.17168370895864213
97.55575119373292 -80.86876789519185 -0.18339606480165055
98.03951584914496 -80.74293237200914 -0.19510842064465897
98.52328050455701 -80.61709684882642 -0.2068207764876674
99.00704515996905 -80.4912613256437 -0.2185331323306758
99.49142598658831 -80.36769111324962 -0.22881016558599596
99.97580681320757 -80.24412090085553 -0.2390871988413161
100.46018763982683 -80.12055068846145 -0.24936423209663625
100.94456846644609 -79.99698047606736 -0.2596412653519564
101.42894929306534 -79.87341026367328 -0.26991829860727656
101.9133301196846 -79.7498400512792 -0.2801953318625967
102.39771094630386 -79.62626983888511 -0.29047236511791685
102.88209177292312 -79.50269962649102 -0.300749398373237
102.90502645575907 -79.49684876808897 -0.383098
102.90502645575907 -79.49684876808897 -0.383098
103.39710026287833 -79.40913000654122 -0.3960898135643993
103.88917406999758 -79.32141124499347 -0.40908162712879864
104.38124787711683 -79.23369248344572 -0.42207344069319797
104.87332168423609 -79.14597372189797 -0.4350652542575973
105.36539549135534 -79.05825496035023 -0.4480570678219966
105.8574692984746 -78.97053619880248 -0.46104888138639594
106.34954310559385 -78.88281743725473 -0.47404069495079526
106.8416169127131 -78.79509867570698 -0.4870325085151946
107.33369071983236 -78.70737991415923 -0.5000243220795939
107.82757034159243 -78.63051415388563 -0.5132369716130095
108.3214499633525 -78.55364839361202 -0.5264496211464251
108.81532958511258 -78.47678263333842 -0.5396622706798407
109.30920920687265 -78.39991687306481 -0.5528749202132563
109.80308882863272 -78.3230511127912 -0.566087569746672
110.2969684503928 -78.2461853525176 -0.5793002192800876
110.79084807215287 -78.169319592244 -0.5925128688135032
111.28472769391294 -78.09245383197039 -0.6057255183469188
111.77860731567301 -78.01558807169678 -0.6189381678803344
112.27508317052884 -77.95661602653904 -0.6247711289704289
112.77155902538468 -77.8976439813813 -0.6306040900605233
113.2680348802405 -77.83867193622355 -0.6364370511506178
113.76451073509634 -77.7796998910658 -0.6422700122407122
114.26098658995217 -77.72072784590806 -0.6481029733308067
114.757462444808 -77.66175580075031 -0.6539359344209011
115.25393829966383 -77.60278375559257 -0.6597688955109956
115.75041415451966 -77.54381171043482 -0.6656018566010901
116.24689000937549 -77.48483966527708 -0.6714348176911845
116.74336586423132 -77.42586762011933 -0.677267778781279
117.23984171908715 -77.36689557496159 -0.6831007398713734
117.73631757394298 -77.30792352980384 -0.6889337009614679
118.23279342879881 -77.2489514846461 -0.6947666620515623
118.72926928365465 -77.18997943948835 -0.7005996231416568
119.22574513851048 -77.13100739433061 -0.7064325842317513
119.7222209933663 -77.07203534917286 -0.7122655453218457
120.21869684822214 -77.01306330401512 -0.7180985064119402
120.71517270307797 -76.95409125885737 -0.7239314675020346
121.2116485579338 -76.89511921369963 -0.7297644285921291
121.70812441278963 -76.83614716854188 -0.7355973896822235
121.84791486058384 -76.81954267807305 -0.855287
121.84791486058384 -76.81954267807305 -0.855287
122.34726041235191 -76.79471588218713 -0.8614229706225262
122.84660596411999 -76.76988908630122 -0.8675589412450523
123.34595151588806 -76.7450622904153 -0.8736949118675784
123.84529706765613 -76.72023549452939 -0.8798308824901045
124.3446426194242 -76.69540869864348 -0.8859668531126307
124.84398817119228 -76.67058190275756 -0.8921028237351568
125.34333372296035 -76.64575510687165 -0.898238794357683
125.84267927472843 -76.62092831098573 -0.9043747649802091
126.3420248264965 -76.59610151509982 -0.9105107356027352
126.84137037826457 -76.5712747192139 -0.9166467062252613
127.34099917886762 -76.58972415125443 -0.9221856650927988
127.84062797947067 -76.60817358329496 -0.9277246239603362
128.34025678007373 -76.62662301533548 -0.9332635828278736
128.8398855806768 -76.64507244737601 -0.938802541695411
129.33951438127986 -76.66352187941654 -0.9443415005629484
129.83914318188292 -76.68197131145706 -0.9498804594304858
130.33877198248598 -76.70042074349759 -0.9554194182980232
130.83840078308904 -76.71887017553811 -0.9609583771655607
131.3380295836921 -76.73731960757864 -0.9664973360330981
131.83765838429517 -76.75576903961917 -0.9720362949006355
132.33728718489823 -76.7742184716597 -0.9775752537681729
132.8369159855013 -76.79266790370022 -0.9831142126357103
133.3364849716875 -76.80586338192958 -0.9991363034847912
133.8360539578737 -76.81905886015895 -1.0151583943338722
134.3356229440599 -76.83225433838831 -1.0311804851829531
134.8351919302461 -76.84544981661767 -1.047202576032034
134.9421681810054 -76.84827545797452 -1.115749
134.9421681810054 -76.84827545797452 -1.115749
135.44215725690677 -76.8486319865168 -1.1190348585942924
135.94214633280814 -76.84898851505909 -1.1223207171885847
136.4421354087095 -76.84934504360137 -1.125606575782877
136.94212448461087 -76.84970157214366 -1.1288924343771694
137.44211356051224 -76.85005810068594 -1.1321782929714617
137.9421026364136 -76.85041462922823 -1.135464151565754
138.44209171231498 -76.85077115777051 -1.1387500101600463
138.94208078821634 -76.8511276863128 -1.1420358687543386
139.4420698641177 -76.85148421485508 -1.145321727348631
139.94205894001908 -76.85184074339736 -1.1486075859429232
140.44204801592045 -76.85219727193964 -1.1518934445372155
140.94203709182182 -76.85255380048193 -1.1551793031315079
141.44202616772318 -76.85291032902421 -1.1584651617258002
141.94201524362455 -76.8532668575665 -1.1617510203200925
142.44200431952592 -76.85362338610878 -1.1650368789143848
142.9419933954273 -76.85397991465106 -1.168322737508677
143.44198247132866 -76.85433644319335 -1.1716085961029694
143.94197154723003 -76.85469297173563 -1.1748944546972617
144.44194230285018 -76.85314295380097 -1.1800752817573978
144.94191305847033 -76.85159293586631 -1.185256108817534
145.4418838140905 -76.85004291793165 -1.19043693587767
145.94185456971064 -76.84849289999698 -1.1956177629378062
146.4418253253308 -76.84694288206232 -1.2007985899979423
146.94179608095095 -76.84539286412766 -1.2059794170580784
147.4417668365711 -76.843842846193 -1.2111602441182145
147.94173759219126 -76.84229282825834 -1.2163410711783507
148.4417083478114 -76.84074281032368 -1.2215218982384868
148.94167910343157 -76.83919279238901 -1.226702725298623
149.44164985905172 -76.83764277445435 -1.231883552358759
149.94162061467188 -76.83609275651969 -1.2370643794188951
150.44158870088253 -76.83666347668584 -1.2426846151208348
150.9415567870932 -76.837234196852 -1.2483048508227745
151.44152487330385 -76.83780491701815 -1.2539250865247142
151.9414929595145 -76.8383756371843 -1.259545322226654
152.44146104572516 -76.83894635735045 -1.2651655579285936
152.94142913193582 -76.8395170775166 -1.2707857936305333
153.44139721814648 -76.84008779768276 -1.276406029332473
153.94136530435713 -76.84065851784891 -1.2820262650344127
154.4413333905678 -76.84122923801506 -1.2876465007363525
154.94130147677845 -76.84179995818121 -1.2932667364382922
155.4412695629891 -76.84237067834736 -1.2988869721402319
155.94123594755195 -76.84288828027323 -1.3046616059294665
156.44120233211478 -76.8434058821991 -1.310436239718701
156.94116871667762 -76.84392348412496 -1.3162108735079356
157.44113510124046 -76.84444108605082 -1.3219855072971702
157.9411014858033 -76.84495868797669 -1.3277601410864048
158.44106787036614 -76.84547628990255 -1.3335347748756394
158.94103425492898 -76.84599389182841 -1.339309408664874
159.44100063949182 -76.84651149375428 -1.3450840424541086
159.94096702405466 -76.84702909568014 -1.3508586762433432
160.4409334086175 -76.847546697606 -1.3566333100325778
160.94089979318034 -76.84806429953187 -1.3624079438218124
161.44070137503263 -76.85972668959313 -1.3703052494383232
161.94050295688493 -76.87138907965439 -1.378202555054834
162.44030453873722 -76.88305146971565 -1.3860998606713448
162.94010612058952 -76.89471385977691 -1.3939971662878556
163.43990770244181 -76.90637624983817 -1.4018944719043664
163.9397092842941 -76.91803863989944 -1.4097917775208773
164.4395108661464 -76.9297010299607 -1.417689083137388
164.9393124479987 -76.94136342002196 -1.4255863887538989
165.4392358008346 -76.94571203396356 -1.433184470492082
165.93915915367052 -76.95006064790516 -1.440782552230265
166.43908250650642 -76.95440926184676 -1.4483806339684482
166.93900585934233 -76.95875787578836 -1.4559787157066313
167.43892921217824 -76.96310648972997 -1.4635767974448144
167.93885256501414 -76.96745510367157 -1.4711748791829975
168.43877591785005 -76.97180371761317 -1.4787729609211806
168.93869927068596 -76.97615233155477 -1.4863710426593637
169.16945241997018 -76.97815955197439 -1.552233
169.16945241997018 -76.97815955197439 -1.552233
169.66907289602221 -76.95868830633763 -1.5527335026402165
170.16869337207424 -76.93921706070088 -1.553234005280433
170.66831384812627 -76.91974581506413 -1.5537345079206495
171.1679343241783 -76.90027456942738 -1.554235010560866
171.66755480023033 -76.88080332379063 -1.5547355132010825
172.16717527628236 -76.86133207815388 -1.555236015841299
172.6667957523344 -76.84186083251713 -1.5557365184815155
173.16641622838642 -76.82238958688038 -1.556237021121732
173.66603670443845 -76.80291834124363 -1.5567375237619485
174.15088650976932 -76.68077326710856 -1.5578542758258314
174.6357363151002 -76.5586281929735 -1.5589710278897142
175.12058612043106 -76.43648311883844 -1.560087779953597
175.60543592576192 -76.31433804470338 -1.5612045320174799
176.0298498135959 -76.05000610026447 -1.562419012487832
176.45426370142985 -75.78567415582556 -1.5636334929581843
176.87867758926382 -75.52134221138665 -1.5648479734285365
177.30309147709778 -75.25701026694774 -1.5660624538988888
177.63237215848193 -74.88074814518203 -1.5670864614888964
177.96165283986608 -74.5044860234163 -1.568110469078904
178.29093352125022 -74.12822390165059 -1.5691344766689117
178.62021420263437 -73.75196177988487 -1.5701584842589194
178.94949488401852 -73.37569965811915 -1.571182491848927
179.0532746546076 -72.8865898574334 -1.5723495778030845
179.1570544251967 -72.39748005674767 -1.5735166637572418
179.26083419578578 -71.90837025606193 -1.574683749711399
179.36461396637486 -71.41926045537619 -1.5758508356655563
179.39025212340246 -70.91991922347587 -1.576860305085145
179.41589028043006 -70.42057799157556 -1.5778697745047339
179.44152843745766 -69.92123675967524 -1.5788792439243227
179.46716659448526 -69.42189552777492 -1.5798887133439115
179.49280475151286 -68.9225542958746 -1.5808981827635002
179.49302868865198 -68.9181927870959 -1.585686
179.49302868865198 -68.9181927870959 -1.585686
179.4965158732129 -68.41820513278311 -1.5861162076581443
179.50000305777382 -67.91821747847032 -1.5865464153162887
179.50349024233475 -67.41822982415754 -1.586976622974433
179.50697742689567 -66.91824216984475 -1.5874068306325775
179.5104646114566 -66.41825451553196 -1.5878370382907219
179.51395179601752 -65.91826686121917 -1.5882672459488663
179.51743898057845 -65.41827920690638 -1.5886974536070106
179.52092616513937 -64.91829155259359 -1.589127661265155
179.5244133497003 -64.4183038982808 -1.5895578689232994
179.52790053426122 -63.91831624396801 -1.5899880765814438
179.53138771882215 -63.41832858965522 -1.5904182842395882
179.53487490338307 -62.91834093534243 -1.5908484918977326
179.538362087944 -62.41835328102964 -1.591278699555877
179.54184927250492 -61.91836562671685 -1.5917089072140214
179.54533645706584 -61.41837797240406 -1.5921391148721658
179.54882364162677 -60.91839031809127 -1.5925693225303101
179.5523108261877 -60.41840266377848 -1.5929995301884545
179.55579801074862 -59.91841500946569 -1.593429737846599
179.55928519530954 -59.4184273551529 -1.5938599455047433
179.56277237987047 -58.91843970084011 -1.5942901531628877
179.5662595644314 -58.41845204652732 -1.594720360821032
179.57707238542417 -57.91857005359091 -1.5957576843499464
179.58788520641696 -57.4186880606545 -1.5967950078788606
179.59869802740974 -56.918806067718094 -1.597832331407775
179.60951084840252 -56.418924074781685 -1.5988696549366892
179.6203236693953 -55.91904208184528 -1.5999069784656035
179.6311364903881 -55.41916008890887 -1.6009443019945178
179.64194931138087 -54.91927809597246 -1.601981625523432
179.65276213237365 -54.41939610303605 -1.6030189490523463
179.66357495336644 -53.91951411009964 -1.6040562725812606
179.84524070323192 -53.45369674628078 -1.6074824790337878
180.0269064530974 -52.98787938246191 -1.610908685486315
180.27587559290927 -52.55429261510688 -1.6150175291130096
180.52484473272114 -52.12070584775185 -1.619126372739704
180.92657791336265 -51.82305279068821 -1.622747034601197
181.32831109400416 -51.52539973362457 -1.6263676964626899
181.73004427464568 -51.227746676560926 -1.6299883583241828
182.20505599657423 -51.07170150941897 -1.6336991321126357
182.68006771850278 -50.91565634227702 -1.6374099059010887
183.15507944043134 -50.75961117513506 -1.6411206796895417
183.6511787942736 -50.697368632404 -1.6444817794604445
184.14727814811584 -50.63512608967294 -1.6478428792313473
184.6433775019581 -50.572883546941874 -1.6512039790022501
185.14337615641696 -50.57403175180147 -1.6513687968298154
185.64337481087583 -50.57517995666107 -1.6515336146573807
186.1433734653347 -50.576328161520664 -1.651698432484946
186.64337211979355 -50.57747636638026 -1.6518632503125112
187.14337077425242 -50.57862457123986 -1.6520280681400765
187.64336942871128 -50.57977277609945 -1.6521928859676418
188.14336808317015 -50.58092098095905 -1.652357703795207
188.643366737629 -50.582069185818646 -1.6525225216227724
189.14336539208787 -50.58321739067824 -1.6526873394503376
189.64336404654674 -50.58436559553784 -1.652852157277903
190.1433627010056 -50.585513800397436 -1.6530169751054682
190.64336135546446 -50.58666200525703 -1.6531817929330335
191.14336000992333 -50.58781021011663 -1.6533466107605987
191.6433586643822 -50.588958414976226 -1.653511428588164
192.14335731884105 -50.59010661983582 -1.6536762464157293
192.64335597329992 -50.59125482469542 -1.6538410642432946
193.14335462775878 -50.592403029555015 -1.6540058820708599
193.64335328221765 -50.59355123441461 -1.6541706998984251
194.1433519366765 -50.59469943927421 -1.6543355177259904
194.64335059113537 -50.595847644133805 -1.6545003355535557
195.14334924559424 -50.5969958489934 -1.654665153381121
195.6433479000531 -50.598144053853 -1.6548299712086862
196.14334655451196 -50.599292258712595 -1.6549947890362515
196.64334520897083 -50.60044046357219 -1.6551596068638168
197.1433438634297 -50.60158866843179 -1.655324424691382
197.64334251788856 -50.602736873291384 -1.6554892425189474
198.14334117234742 -50.60388507815098 -1.6556540603465126
198.64333982680628 -50.60503328301058 -1.655818878174078
199.14333848126515 -50.606181487870174 -1.6559836960016432
199.643337135724 -50.60732969272977 -1.6561485138292085
200.14333579018287 -50.60847789758937 -1.6563133316567737
200.64333444464174 -50.60962610244896 -1.656478149484339
201.1433330991006 -50.61077430730856 -1.6566429673119043
201.64333175355947 -50.61192251216816 -1.6568077851394696
202.14333040801833 -50.61307071702775 -1.6569726029670349
202.6433290624772 -50.61421892188735 -1.6571374207946001
203.14332771693606 -50.615367126746946 -1.6573022386221654
203.64332637139492 -50.61651533160654 -1.6574670564497307
204.14332502585378 -50.61766353646614 -1.657631874277296
204.64332368031265 -50.618811741325736 -1.6577966921048612
205.1433223347715 -50.61995994618533 -1.6579615099324265
205.64332098923038 -50.62110815104493 -1.6581263277599918
206.14331964368924 -50.622256355904526 -1.658291145587557
206.6433182981481 -50.62340456076412 -1.6584559634151224
207.14331695260697 -50.62455276562372 -1.6586207812426876
207.64331560706583 -50.625700970483315 -1.658785599070253
208.1433142615247 -50.62684917534291 -1.6589504168978182
208.64331291598356 -50.62799738020251 -1.6591152347253835
209.14331157044242 -50.629145585062105 -1.6592800525529487
209.64331022490128 -50.6302937899217 -1.659444870380514
210.14330887936015 -50.6314419947813 -1.6596096882080793
210.643307533819 -50.632590199640894 -1.6597745060356446
211.14330618827788 -50.63373840450049 -1.6599393238632099
211.64330484273674 -50.63488660936009 -1.6601041416907751
212.1433034971956 -50.636034814219684 -1.6602689595183404
212.64330215165447 -50.63718301907928 -1.6604337773459057
213.14330080611333 -50.63833122393888 -1.660598595173471
213.64327665299209 -50.633528676257754 -1.661641702864999
214.14325249987084 -50.62872612857663 -1.662684810556527
214.6432283467496 -50.62392358089551 -1.663727918248055
215.14320419362835 -50.619121033214384 -1.6647710259395831
215.6431800405071 -50.61431848553326 -1.6658141336311112
216.14315588738586 -50.60951593785214 -1.6668572413226392
216.6431317342646 -50.604713390171014 -1.6679003490141673
217.14310758114337 -50.59991084248989 -1.6689434567056953
217.64308342802212 -50.59510829480877 -1.6699865643972234
218.1428453127769 -50.61039806708976 -1.6720557212184926
218.64260719753167 -50.625687839370755 -1.6741248780397617
219.14236908228645 -50.64097761165175 -1.676194034861031
219.64213096704123 -50.65626738393274 -1.6782631916823
220.14176722676925 -50.675205903065624 -1.6804859057979582
220.64140348649727 -50.694144422198505 -1.6827086199136163
221.1410397462253 -50.713082941331386 -1.6849313340292744
221.6406760059533 -50.73202146046427 -1.6871540481449325
222.1400868658876 -50.756091581199925 -1.6902236193621922
222.6394977258219 -50.78016170193558 -1.693293190579452
223.1389085857562 -50.80423182267124 -1.6963627617967116
223.63485818555378 -50.86762415668684 -1.7002878667217523
224.13080778535135 -50.93101649070243 -1.7042129716467929
224.6015621998055 -51.09946564485085 -1.7081070361816713
225.07231661425965 -51.26791479899927 -1.7120011007165497
225.5430710287138 -51.43636395314769 -1.715895165251428
225.95980343766954 -51.71263051800811 -1.7191943266842151
226.37653584662527 -51.98889708286853 -1.7224934881170022
226.793268255581 -52.265163647728954 -1.7257926495497893
227.04493459881166 -52.69718910565297 -1.7300418130497788
227.29660094204232 -53.12921456357698 -1.7342909765497683
227.48183663379086 -53.59362097018646 -1.7380893976042335
227.6670723255394 -54.058027376795934 -1.7418878186586988
227.78277877505639 -54.54443717215786 -1.746074525734497
227.89848522457336 -55.03084696751979 -1.750261232810295
227.96312654982526 -55.52662665544393 -1.755160223678774
228.02776787507716 -56.02240634336806 -1.760059214547253
228.06508382643315 -56.52098126384579 -1.7655880883046637
228.10239977778915 -57.01955618432352 -1.7711169620620746
228.1090886360113 -57.51948740532585 -1.7760193536010906
228.11577749423347 -58.019418626328175 -1.7809217451401067
228.13144624152423 -58.519156689539884 -1.7849663138128546
228.147114988815 -59.01889475275159 -1.7890108824856026
228.15686959759466 -59.518794426680465 -1.7912832410311532
228.16662420637434 -60.01869410060934 -1.7935555995767039
228.176378815154 -60.51859377453821 -1.7958279581222545
228.18613342393368 -61.01849344846708 -1.7981003166678051
228.19588803271336 -61.518393122395956 -1.8003726752133558
228.19420792571782 -62.01838913822705 -1.8014503549024863
228.19252781872228 -62.518385154058144 -1.8025280345916168
228.19084771172675 -63.01838116988924 -1.8036057142807473
228.1891676047312 -63.51837718572033 -1.8046833939698779
228.18748749773567 -64.01837320155143 -1.8057610736590084
228.18580739074014 -64.51836921738253 -1.806838753348139
228.1841272837446 -65.01836523321363 -1.8079164330372695
228.18244717674906 -65.51836124904473 -1.8089941127264
228.18076706975353 -66.01835726487583 -1.8100717924155305
228.17677420011424 -66.51833490559183 -1.8126047306507385
228.17278133047495 -67.01831254630783 -1.8151376688859464
228.16878846083566 -67.51829018702382 -1.8176706071211544
228.1652491746936 -67.9614711808972 -1.829285
227.9834879603004 -82.08456655591726 -1.765069
227.98996510793052 -82.5845236532623 -1.7640956691671463
227.99644225556062 -83.08448075060733 -1.7631223383342927
228.00291940319073 -83.58443784795236 -1.762149007501439
228.00939655082084 -84.08439494529739 -1.7611756766685853
228.01587369845095 -84.58435204264242 -1.7602023458357317
228.02235084608105 -85.08430913998745 -1.759229015002878
228.02882799371116 -85.58426623733249 -1.7582556841700243
228.03530514134127 -86.08422333467752 -1.7572823533371706
228.04178228897138 -86.58418043202255 -1.756309022504317
228.04825943660148 -87.08413752936758 -1.7553356916714633
228.0547365842316 -87.58409462671261 -1.7543623608386096
228.0612137318617 -88.08405172405764 -1.753389030005756
228.0676908794918 -88.58400882140268 -1.7524156991729023
228.0741680271219 -89.08396591874771 -1.7514423683400486
228.08064517475202 -89.58392301609274 -1.750469037507195
228.08712232238213 -90.08388011343777 -1.7494957066743413
228.09359947001224 -90.5838372107828 -1.7485223758414876
228.10007661764234 -91.08379430812784 -1.747549045008634
228.10655376527245 -91.58375140547287 -1.7465757141757803
228.11303091290256 -92.0837085028179 -1.7456023833429266
228.07197314129067 -92.58200211436085 -1.7413909600967152
228.03091536967878 -93.0802957259038 -1.7371795368505039
227.9898575980669 -93.57858933744674 -1.7329681136042925
227.948799826455 -94.07688294898969 -1.728756690358081
227.85284279862654 -94.56754472112813 -1.7221783796106522
227.75688577079808 -95.05820649326657 -1.7156000688632234
227.66092874296962 -95.548868265405 -1.7090217581157945
227.52577809827537 -96.03019807645622 -1.701544042412591
227.39062745358112 -96.51152788750743 -1.6940663267093874
227.20159843189663 -96.97434727209027 -1.685927148903269
227.01256941021214 -97.43716665667311 -1.6777879710971506
226.82354038852765 -97.89998604125596 -1.6696487932910322
226.56710456382189 -98.32904304745679 -1.6573706322946533
226.26078577759463 -98.72397867387113 -1.643418851298019
225.95446699136738 -99.11891430028547 -1.6294670703013847
225.5540794956008 -99.4182673647967 -1.6206582110393448
225.15369199983422 -99.71762042930794 -1.611849351777305
224.7234829401313 -99.97193936480416 -1.5962915885187303
224.2676955940042 -100.17667862235722 -1.57785978103677
223.7986053959314 -100.34929756265917 -1.5653263249674112
223.32951519785857 -100.52191650296113 -1.5527928688980523
222.84251493196783 -100.63451402353115 -1.5404421853610109
222.34643686642048 -100.69679460255759 -1.5351807826075181
221.85035880087312 -100.75907518158402 -1.5299193798540254
221.35428073532577 -100.82135576061046 -1.5246579771005326
220.85820266977842 -100.8836363396369 -1.51939657434704
220.36212460423107 -100.94591691866333 -1.5141351715935472
219.86263650602595 -100.9674286267039 -1.507143307134806
219.36314840782083 -100.98894033474448 -1.5001514426760647
218.8636603096157 -101.01045204278506 -1.4931595782173235
218.36378087800665 -101.02077819005693 -1.4894280186609057
217.8639014463976 -101.0311043373288 -1.4856964591044879
217.36402201478853 -101.04143048460067 -1.48196489954807
216.86414258317947 -101.05175663187254 -1.4782333399916523
216.3642631515704 -101.0620827791444 -1.4745017804352345
215.86430009609373 -101.05601216602437 -1.474200425559083
215.36433704061704 -101.04994155290434 -1.4738990706829316
214.86437398514036 -101.04387093978431 -1.4735977158067801
214.36441092966368 -101.03780032666428 -1.4732963609306287
213.864447874187 -101.03172971354425 -1.4729950060544772
213.3644848187103 -101.02565910042422 -1.4726936511783257
212.86452176323363 -101.01958848730419 -1.4723922963021743
212.36455870775694 -101.01351787418416 -1.4720909414260228
211.86459565228026 -101.00744726106413 -1.4717895865498714
211.36463259680357 -101.0013766479441 -1.47148823167372
210.8646695413269 -100.99530603482407 -1.4711868767975684
210.3647064858502 -100.98923542170404 -1.470885521921417
209.86474343037352 -100.98316480858401 -1.4705841670452655
209.36478037489684 -100.97709419546398 -1.470282812169114
208.86481731942015 -100.97102358234395 -1.4699814572929626
208.36485426394347 -100.96495296922392 -1.4696801024168111
207.8648912084668 -100.95888235610389 -1.4693787475406597
207.3649281529901 -100.95281174298385 -1.4690773926645082
206.86496509751342 -100.94674112986382 -1.4687760377883567
206.36500204203674 -100.9406705167438 -1.4684746829122053
205.86503898656005 -100.93459990362376 -1.4681733280360538
205.36507593108337 -100.92852929050373 -1.4678719731599024
204.86511287560668 -100.9224586773837 -1.467570618283751
204.36514982013 -100.91638806426367 -1.4672692634075994
203.86518676465332 -100.91031745114364 -1.466967908531448
203.36522370917663 -100.90424683802361 -1.4666665536552965
202.86526065369995 -100.89817622490358 -1.466365198779145
202.36529759822326 -100.89210561178355 -1.4660638439029936
201.86533454274658 -100.88603499866352 -1.4657624890268421
201.3653714872699 -100.87996438554349 -1.4654611341506907
200.8654084317932 -100.87389377242346 -1.4651597792745392
200.36544537631653 -100.86782315930343 -1.4648584243983878
199.86548232083985 -100.8617525461834 -1.4645570695222363
199.36551926536316 -100.85568193306337 -1.4642557146460848
198.86555620988648 -100.84961131994334 -1.4639543597699334
198.3655931544098 -100.8435407068233 -1.463653004893782
197.8656300989331 -100.83747009370327 -1.4633516500176305
197.36566704345643 -100.83139948058324 -1.463050295141479
196.86570398797974 -100.82532886746321 -1.4627489402653275
196.36574093250306 -100.81925825434318 -1.462447585389176
195.86577787702637 -100.81318764122315 -1.4621462305130246
195.3658148215497 -100.80711702810312 -1.4618448756368732
194.865851766073 -100.80104641498309 -1.4615435207607217
194.36588871059632 -100.79497580186306 -1.4612421658845702
193.86592565511964 -100.78890518874303 -1.4609408110084188
193.36596259964296 -100.782834575623 -1.4606394561322673
192.86599954416627 -100.77676396250297 -1.4603381012561159
192.3660364886896 -100.77069334938294 -1.4600367463799644
191.8660734332129 -100.76462273626291 -1.459735391503813
191.36611037773622 -100.75855212314288 -1.4594340366276615
190.86614732225954 -100.75248151002285 -1.45913268175151
190.36618426678285 -100.74641089690282 -1.4588313268753585
189.86622121130617 -100.74034028378279 -1.458529971999207
189.36625815582948 -100.73426967066275 -1.4582286171230556
188.8662951003528 -100.72819905754272 -1.4579272622469042
188.36633204487612 -100.7221284444227 -1.4576259073707527
187.86636898939943 -100.71605783130266 -1.4573245524946012
187.36640593392275 -100.70998721818263 -1.4570231976184498
186.86644287844607 -100.7039166050626 -1.4567218427422983
186.36647982296938 -100.69784599194257 -1.4564204878661469
185.8665167674927 -100.69177537882254 -1.4561191329899954
185.366553712016 -100.68570476570251 -1.455817778113844
184.86659065653933 -100.67963415258248 -1.4555164232376925
184.36662760106265 -100.67356353946245 -1.455215068361541
183.86666454558596 -100.66749292634242 -1.4549137134853896
183.36670149010928 -100.66142231322239 -1.454612358609238
182.8667384346326 -100.65535170010236 -1.4543110037330866
182.3667753791559 -100.64928108698233 -1.4540096488569352
181.86681232367923 -100.6432104738623 -1.4537082939807837
181.36684926820254 -100.63713986074227 -1.4534069391046323
180.86688621272586 -100.63106924762224 -1.4531055842284808
180.36692315724918 -100.6249986345022 -1.4528042293523293
179.8669601017725 -100.61892802138217 -1.4525028744761779
179.3669970462958 -100.61285740826214 -1.4522015196000264
178.86703399081912 -100.60678679514211 -1.451900164723875
178.36707717593018 -100.6005580694814 -1.449805833629525
177.86712036104123 -100.59432934382068 -1.447711502535175
177.36716354615228 -100.58810061815996 -1.445617171440825
176.86720673126334 -100.58187189249924 -1.443522840346475
176.3672499163744 -100.57564316683852 -1.441428509252125
175.86729310148544 -100.5694144411778 -1.439334178157775
175.3673362865965 -100.56318571551708 -1.4372398470634251
174.86737947170755 -100.55695698985636 -1.4351455159690751
174.3674226568186 -100.55072826419564 -1.4330511848747252
173.86742812928946 -100.55103512055497 -1.4307320729541941
173.36743360176033 -100.5513419769143 -1.428412961033663
172.86743907423119 -100.55164883327363 -1.426093849113132
172.36744454670205 -100.55195568963296 -1.423774737192601
171.8674500191729 -100.55226254599229 -1.42145562527207
171.36745549164377 -100.55256940235162 -1.419136513351539
170.86746096411463 -100.55287625871095 -1.416817401431008
170.3674664365855 -100.55318311507028 -1.414498289510477
169.86746833288026 -100.55242155013545 -1.4133509839617273
169.36747022917504 -100.55165998520062 -1.4122036784129777
168.86747212546982 -100.55089842026578 -1.411056372864228
168.3674740217646 -100.55013685533095 -1.4099090673154784
167.86747591805937 -100.54937529039611 -1.4087617617667287
167.36747781435415 -100.54861372546128 -1.407614456217979
166.86747971064892 -100.54785216052645 -1.4064671506692294
166.3674816069437 -100.54709059559161 -1.4053198451204798
165.86748350323847 -100.54632903065678 -1.4041725395717302
165.36748539953325 -100.54556746572194 -1.4030252340229805
164.86748729582803 -100.54480590078711 -1.4018779284742309
164.3674891921228 -100.54404433585228 -1.4007306229254812
163.86749108841758 -100.54328277091744 -1.3995833173767316
163.36749298471236 -100.54252120598261 -1.398436011827982
162.86749488100713 -100.54175964104778 -1.3972887062792323
162.3674967773019 -100.54099807611294 -1.3961414007304827
161.86749867359669 -100.54023651117811 -1.394994095181733
161.36750056989146 -100.53947494624327 -1.3938467896329834
160.86750876452533 -100.53888675750993 -1.3910452542106764
160.3675169591592 -100.53829856877658 -1.3882437187883694
159.86752515379305 -100.53771038004324 -1.3854421833660624
159.36753334842692 -100.53712219130989 -1.3826406479437554
158.86754154306078 -100.53653400257654 -1.3798391125214484
158.36754973769465 -100.5359458138432 -1.3770375770991414
157.8675579323285 -100.53535762510985 -1.3742360416768344
157.36758206881615 -100.53219708160941 -1.3704748091875534
156.8676062053038 -100.52903653810897 -1.3667135766982723
156.36763034179143 -100.52587599460853 -1.3629523442089913
155.86765447827906 -100.52271545110808 -1.3591911117197102
155.3676786147667 -100.51955490760764 -1.3554298792304291
154.86768877914747 -100.51903726179644 -1.3522840374871958
154.36769894352824 -100.51851961598524 -1.3491381957439625
153.867709107909 -100.51800197017404 -1.3459923540007293
153.36771927228978 -100.51748432436284 -1.342846512257496
152.86772943667054 -100.51696667855164 -1.3397006705142627
152.3677396010513 -100.51644903274044 -1.3365548287710294
151.86775396703706 -100.5174634750682 -1.3329028859842293
151.3677683330228 -100.51847791739596 -1.3292509431974293
150.86778269900856 -100.51949235972371 -1.3255990004106293
150.3677970649943 -100.52050680205147 -1.3219470576238292
149.86781143098005 -100.52152124437923 -1.3182951148370292
149.3678257969658 -100.52253568670699 -1.3146431720502292
148.86785853138062 -100.5281971133573 -1.3138175864627752
148.36789126579544 -100.5338585400076 -1.3129920008753213
147.86792400021025 -100.5395199666579 -1.3121664152878674
147.36795673462507 -100.54518139330821 -1.3113408297004134
146.86798946903988 -100.55084281995852 -1.3105152441129595
146.3680222034547 -100.55650424660882 -1.3096896585255056
145.86805493786952 -100.56216567325913 -1.3088640729380516
145.36808767228433 -100.56782709990944 -1.3080384873505977
144.86812040669915 -100.57348852655974 -1.3072129017631438
144.36815314111396 -100.57914995321005 -1.3063873161756898
143.86818587552878 -100.58481137986035 -1.3055617305882359
143.3682186099436 -100.59047280651066 -1.304736145000782
142.8682513443584 -100.59613423316097 -1.303910559413328
142.36828407877323 -100.60179565981127 -1.303084973825874
141.86831681318804 -100.60745708646158 -1.3022593882384201
141.36834954760286 -100.61311851311189 -1.3014338026509662
140.86838228201768 -100.61877993976219 -1.3006082170635123
140.3684150164325 -100.6244413664125 -1.2997826314760583
139.8684477508473 -100.6301027930628 -1.2989570458886044
139.36848048526213 -100.63576421971311 -1.2981314603011505
138.86851321967694 -100.64142564636342 -1.2973058747136965
138.36854595409176 -100.64708707301372 -1.2964802891262426
137.86857868850657 -100.65274849966403 -1.2956547035387886
137.36860653642617 -100.65167901763337 -1.2904871748963915
136.86863438434577 -100.65060953560271 -1.2853196462539944
136.36866223226536 -100.64954005357205 -1.2801521176115973
135.8706155276348 -100.60557429702703 -1.2760910514858221
135.37256882300426 -100.56160854048201 -1.272029985360047
134.8745221183737 -100.51764278393699 -1.2679689192342718
134.37647541374315 -100.47367702739197 -1.2639078531084966
133.8784287091126 -100.42971127084695 -1.2598467869827215
133.3840123142852 -100.35557592297364 -1.2523382104483956
132.8895959194578 -100.28144057510033 -1.2448296339140696
132.3951795246304 -100.20730522722702 -1.2373210573797437
131.92689742843365 -100.03232987363732 -1.227548441674878
131.4586153322369 -99.85735452004762 -1.2177758259700124
131.0259193572742 -99.60699452840379 -1.208076968553023
130.59322338231152 -99.35663453675996 -1.1983781111360337
130.22313357709285 -99.0205688574411 -1.1887139889740572
129.85304377187418 -98.68450317812226 -1.1790498668120808
129.58318628297314 -98.26361104721252 -1.1738778437760444
129.3133287940721 -97.84271891630279 -1.168705820740008
129.04347130517107 -97.42182678539305 -1.1635337977039717
128.77361381627003 -97.00093465448332 -1.1583617746679353
128.6294948395774 -96.52218550580697 -1.1529790988697064
128.48537586288478 -96.04343635713063 -1.1475964230714775
128.34125688619216 -95.56468720845429 -1.1422137472732485
128.26819153922227 -95.07007527931701 -1.1376866480622885
128.1951261922524 -94.57546335017973 -1.1331595488513284
128.1220608452825 -94.08085142104245 -1.1286324496403684
128.04899549831262 -93.58623949190518 -1.1241053504294083
127.97593015134275 -93.0916275627679 -1.1195782512184482
127.94703903740738 -92.59247659245842 -1.1158887560379842
127.918147923472 -92.09332562214895 -1.1121992608575202
127.88925680953663 -91.59417465183948 -1.1085097656770562
127.86036569560126 -91.09502368153001 -1.1048202704965921
127.83147458166589 -90.59587271122054 -1.1011307753161281
127.84289334927344 -90.09600576149505 -1.0995046392610348
127.85431211688099 -89.59613881176956 -1.0978785032059415
127.86573088448854 -89.09627186204408 -1.0962523671508482
127.8771496520961 -88.59640491231859 -1.0946262310957549
127.88856841970365 -88.0965379625931 -1.0930000950406615
127.8999871873112 -87.59667101286762 -1.0913739589855682
127.91140595491875 -87.09680406314213 -1.089747822930475
127.9228247225263 -86.59693711341664 -1.0881216868753816
127.93424349013385 -86.09707016369116 -1.0864955508202883
127.9456622577414 -85.59720321396567 -1.084869414765195
127.95708102534896 -85.09733626424018 -1.0832432787101016
127.96849979295651 -84.5974693145147 -1.0816171426550083
127.97991856056406 -84.09760236478921 -1.079991006599915
127.98578407995858 -83.59765360925661 -1.075887651431514
127.9916495993531 -83.09770485372401 -1.0717842962631132
127.99751511874761 -82.59775609819141 -1.0676809410947123
128.00338063814215 -82.09780734265881 -1.0635775859263115
128.0085860452964 -81.65412339009345 -1.040349
128.0085860452964 -81.65412339009345 -1.040349
128.09498380566802 -81.16165200226857 -1.0430617802370068
128.18138156603965 -80.66918061444369 -1.0457745604740136
128.26777932641127 -80.17670922661881 -1.0484873407110205
128.48321182193587 -79.7255144729285 -1.0519707462834604
128.69864431746046 -79.27431971923818 -1.0554541518559004
128.91407681298506 -78.82312496554786 -1.0589375574283404
129.1838925748878 -78.40219954086959 -1.0635464063363056
129.45370833679056 -77.98127411619132 -1.0681552552442708
129.87274051934318 -77.70853055117783 -1.072948764285359
130.2917727018958 -77.43578698616435 -1.0777422733264472
130.7583401386957 -77.25611008631178 -1.0833135009612254
131.2503138103567 -77.16694628286068 -1.086737321421921
131.74228748201767 -77.07778247940958 -1.0901611418826165
132.23426115367866 -76.98861867595848 -1.093584962343312
132.73358547848852 -76.96274009820293 -1.0959339762911553
133.23290980329838 -76.93686152044738 -1.0982829902389986
133.73223412810825 -76.91098294269183 -1.1006320041868418
134.2315584529181 -76.88510436493628 -1.102981018134685
134.73088277772797 -76.85922578718073 -1.1053300320825283
134.9421681810054 -76.84827545797452 -1.115749
134.9421681810054 -76.84827545797452 -1.115749
135.44215725690677 -76.8486319865168 -1.1190348585942924
135.94214633280814 -76.84898851505909 -1.1223207171885847
136.4421354087095 -76.84934504360137 -1.125606575782877
136.94212448461087 -76.84970157214366 -1.1288924343771694
137.44211356051224 -76.85005810068594 -1.1321782929714617
137.9421026364136 -76.85041462922823 -1.135464151565754
138.44209171231498 -76.85077115777051 -1.1387500101600463
138.94208078821634 -76.8511276863128 -1.1420358687543386
139.4420698641177 -76.85148421485508 -1.145321727348631
139.94205894001908 -76.85184074339736 -1.1486075859429232
140.44204801592045 -76.85219727193964 -1.1518934445372155
140.94203709182182 -76.85255380048193 -1.1551793031315079
141.44202616772318 -76.85291032902421 -1.1584651617258002
141.94201524362455 -76.8532668575665 -1.1617510203200925
142.44200431952592 -76.85362338610878 -1.1650368789143848
142.9419933954273 -76.85397991465106 -1.168322737508677
143.44198247132866 -76.85433644319335 -1.1716085961029694
143.94197154723003 -76.85469297173563 -1.1748944546972617
144.44194230285018 -76.85314295380097 -1.1800752817573978
144.94191305847033 -76.85159293586631 -1.185256108817534
145.4418838140905 -76.85004291793165 -1.19043693587767
145.94185456971064 -76.84849289999698 -1.1956177629378062
146.4418253253308 -76.84694288206232 -1.2007985899979423
146.94179608095095 -76.84539286412766 -1.2059794170580784
147.4417668365711 -76.843842846193 -1.2111602441182145
147.94173759219126 -76.84229282825834 -1.2163410711783507
148.4417083478114 -76.84074281032368 -1.2215218982384868
148.94167910343157 -76.83919279238901 -1.226702725298623
149.44164985905172 -76.83764277445435 -1.231883552358759
149.94162061467188 -76.83609275651969 -1.2370643794188951
150.44158870088253 -76.83666347668584 -1.2426846151208348
150.9415567870932 -76.837234196852 -1.2483048508227745
151.44152487330385 -76.83780491701815 -1.2539250865247142
151.9414929595145 -76.8383756371843 -1.259545322226654
152.44146104572516 -76.83894635735045 -1.2651655579285936
152.94142913193582 -76.8395170775166 -1.2707857936305333
153.44139721814648 -76.84008779768276 -1.276406029332473
153.94136530435713 -76.84065851784891 -1.2820262650344127
154.4413333905678 -76.84122923801506 -1.2876465007363525
154.94130147677845 -76.84179995818121 -1.2932667364382922
155.4412695629891 -76.84237067834736 -1.2988869721402319
155.94123594755195 -76.84288828027323 -1.3046616059294665
156.44120233211478 -76.8434058821991 -1.310436239718701
156.94116871667762 -76.84392348412496 -1.3162108735079356
157.44113510124046 -76.84444108605082 -1.3219855072971702
157.9411014858033 -76.84495868797669 -1.3277601410864048
158.44106787036614 -76.84547628990255 -1.3335347748756394
158.94103425492898 -76.84599389182841 -1.339309408664874
159.44100063949182 -76.84651149375428 -1.3450840424541086
159.94096702405466 -76.84702909568014 -1.3508586762433432
160.4409334086175 -76.847546697606 -1.3566333100325778
160.94089979318034 -76.84806429953187 -1.3624079438218124
161.44070137503263 -76.85972668959313 -1.3703052494383232
161.94050295688493 -76.87138907965439 -1.378202555054834
162.44030453873722 -76.88305146971565 -1.3860998606713448
162.94010612058952 -76.89471385977691 -1.3939971662878556
163.43990770244181 -76.90637624983817 -1.4018944719043664
163.9397092842941 -76.91803863989944 -1.4097917775208773
164.4395108661464 -76.9297010299607 -1.417689083137388
164.9393124479987 -76.94136342002196 -1.4255863887538989
165.4392358008346 -76.94571203396356 -1.433184470492082
165.93915915367052 -76.95006064790516 -1.440782552230265
166.43908250650642 -76.95440926184676 -1.4483806339684482
166.93900585934233 -76.95875787578836 -1.4559787157066313
167.43892921217824 -76.96310648972997 -1.4635767974448144
167.93885256501414 -76.96745510367157 -1.4711748791829975
168.43877591785005 -76.97180371761317 -1.4787729609211806
168.93869927068596 -76.97615233155477 -1.4863710426593637
169.16945241997018 -76.97815955197439 -1.552233
169.16945241997018 -76.97815955197439 -1.552233
169.6694462777524 -76.97971863567636 -1.5541595092956246
170.16944013553461 -76.98127771937834 -1.5560860185912493
170.66943399331683 -76.98283680308032 -1.558012527886874
171.16942785109904 -76.9843958867823 -1.5599390371824986
171.66942170888126 -76.98595497048427 -1.5618655464781233
172.16941556666347 -76.98751405418625 -1.563792055773748
172.6694094244457 -76.98907313788823 -1.5657185650693726
173.1694032822279 -76.9906322215902 -1.5676450743649972
173.66939714001012 -76.99219130529218 -1.5695715836606219
174.16939099779233 -76.99375038899416 -1.5714980929562465
174.66938485557455 -76.99530947269614 -1.5734246022518712
175.16937871335676 -76.99686855639811 -1.5753511115474959
175.66937257113898 -76.99842764010009 -1.5772776208431205
176.1693664289212 -76.99998672380207 -1.5792041301387452
176.6693602867034 -77.00154580750404 -1.5811306394343698
177.16935414448562 -77.00310489120602 -1.5830571487299945
177.66934800226784 -77.004663974908 -1.5849836580256191
178.16934186005005 -77.00622305860998 -1.5869101673212438
178.66933571783227 -77.00778214231195 -1.5888366766168684
179.16932957561448 -77.00934122601393 -1.590763185912493
179.6693234333967 -77.01090030971591 -1.5926896952081178
180.1693172911789 -77.01245939341788 -1.5946162045037424
180.66931114896113 -77.01401847711986 -1.596542713799367
181.16930500674334 -77.01557756082184 -1.5984692230949917
181.66929886452556 -77.01713664452382 -1.6003957323906164
182.16929272230777 -77.0186957282258 -1.602322241686241
182.66928658009 -77.02025481192777 -1.6042487509818657
183.1692804378722 -77.02181389562975 -1.6061752602774904
183.66927429565442 -77.02337297933173 -1.608101769573115
184.16926815343663 -77.0249320630337 -1.6100282788687397
184.1963170369272 -77.02501640701666 -1.668032
184.1963170369272 -77.02501640701666 -1.668032
184.69629514298353 -77.02964248627454 -1.6687340363443002
185.19627324903985 -77.03426856553241 -1.6694360726886004
185.69625135509617 -77.03889464479029 -1.6701381090329006
186.19622946115248 -77.04352072404816 -1.6708401453772008
186.6962075672088 -77.04814680330604 -1.671542181721501
187.19618567326512 -77.05277288256391 -1.6722442180658013
187.69616377932144 -77.05739896182179 -1.6729462544101015
188.19614188537776 -77.06202504107966 -1.6736482907544017
188.69611999143407 -77.06665112033754 -1.674350327098702
189.1960980974904 -77.07127719959541 -1.6750523634430021
189.6960762035467 -77.07590327885329 -1.6757543997873023
190.19605430960303 -77.08052935811116 -1.6764564361316026
190.69603241565935 -77.08515543736904 -1.6771584724759028
191.19601052171566 -77.08978151662691 -1.677860508820203
191.69598862777198 -77.09440759588479 -1.6785625451645032
192.1959667338283 -77.09903367514266 -1.6792645815088034
192.69594483988462 -77.10365975440054 -1.6799666178531036
193.19592294594094 -77.10828583365841 -1.6806686541974039
193.69590105199725 -77.11291191291629 -1.681370690541704
194.19587915805357 -77.11753799217416 -1.6820727268860043
194.6958572641099 -77.12216407143204 -1.6827747632303045
195.1958353701662 -77.12679015068991 -1.6834767995746047
195.69581347622253 -77.13141622994779 -1.684178835918905
196.19579158227884 -77.13604230920566 -1.6848808722632052
196.69576968833516 -77.14066838846354 -1.6855829086075054
197.19574779439148 -77.14529446772141 -1.6862849449518056
197.6957259004478 -77.14992054697929 -1.6869869812961058
198.19570400650412 -77.15454662623716 -1.687689017640406
198.69568211256043 -77.15917270549504 -1.6883910539847062
199.19566021861675 -77.16379878475291 -1.6890930903290065
199.6956428460602 -77.16766140992128 -1.690659098489558
200.19562547350364 -77.17152403508965 -1.6922251066501095
200.69560810094708 -77.17538666025801 -1.693791114810661
201.19559072839053 -77.17924928542638 -1.6953571229712125
201.69557335583397 -77.18311191059475 -1.696923131131764
202.19555598327742 -77.18697453576311 -1.6984891392923156
202.69553861072086 -77.19083716093148 -1.7000551474528671
203.1955212381643 -77.19469978609985 -1.7016211556134186
203.69550386560775 -77.19856241126821 -1.7031871637739702
204.1954864930512 -77.20242503643658 -1.7047531719345217
204.69546912049464 -77.20628766160495 -1.7063191800950732
205.19545174793808 -77.21015028677331 -1.7078851882556247
205.69543437538152 -77.21401291194168 -1.7094511964161763
206.1952752203676 -77.22661002991353 -1.710116254616803
206.69511606535366 -77.23920714788538 -1.7107813128174296
207.19495691033973 -77.25180426585723 -1.7114463710180563
207.6947977553258 -77.26440138382908 -1.712111429218683
208.19463860031186 -77.27699850180093 -1.7127764874193097
208.69447944529793 -77.28959561977278 -1.7134415456199363
209.194320290284 -77.30219273774463 -1.714106603820563
209.69416113527006 -77.31478985571648 -1.7147716620211897
210.19400198025613 -77.32738697368833 -1.7154367202218164
210.6938428252422 -77.33998409166018 -1.716101778422443
211.19368367022827 -77.35258120963204 -1.7167668366230697
211.69352451521434 -77.36517832760389 -1.7174318948236964
212.1933653602004 -77.37777544557574 -1.718096953024323
212.69320620518647 -77.39037256354759 -1.7187620112249498
213.19304705017254 -77.40296968151944 -1.7194270694255764
213.6928878951586 -77.41556679949129 -1.7200921276262031
214.19272874014467 -77.42816391746314 -1.7207571858268298
214.69256958513074 -77.44076103543499 -1.7214222440274565
215.1924104301168 -77.45335815340684 -1.7220873022280831
215.69225127510288 -77.46595527137869 -1.7227523604287098
216.19209212008894 -77.47855238935054 -1.7234174186293365
216.691932965075 -77.49114950732239 -1.7240824768299632
217.19177381006108 -77.50374662529424 -1.7247475350305899
217.69161465504715 -77.51634374326609 -1.7254125932312165
218.19145550003321 -77.52894086123794 -1.7260776514318432
218.69129634501928 -77.54153797920979 -1.72674270963247
219.19113719000535 -77.55413509718164 -1.7274077678330966
219.69097803499142 -77.5667322151535 -1.7280728260337233
220.19081887997748 -77.57932933312534 -1.72873788423435
220.69065972496355 -77.5919264510972 -1.7294029424349766
221.19050056994962 -77.60452356906904 -1.7300680006356033
221.6903414149357 -77.6171206870409 -1.73073305883623
222.19018225992176 -77.62971780501275 -1.7313981170368566
222.69002310490782 -77.6423149229846 -1.7320631752374833
222.9025870100595 -77.64767201337963 -1.753784
222.9025870100595 -77.64767201337963 -1.753784
223.40256158054365 -77.65247223968551 -1.7553288937206877
223.9025361510278 -77.65727246599138 -1.7568737874413753
224.40251072151193 -77.66207269229726 -1.758418681162063
224.90248529199607 -77.66687291860313 -1.7599635748827507
225.39940200939125 -77.611505314869 -1.7628279124904895
225.89631872678643 -77.55613771113488 -1.7656922500982284
226.38967701415353 -77.47497420895687 -1.7688681279928375
226.88303530152064 -77.39381070677885 -1.7720440058874467
227.35536431007745 -77.22981502363027 -1.7753186943244976
227.82769331863426 -77.06581934048168 -1.7785933827615485
228.23810381864428 -76.78024676008124 -1.7819879084947214
228.6485143186543 -76.4946741796808 -1.7853824342278943
229.0333813996934 -76.17550834271832 -1.7886225651628416
229.41824848073253 -75.85634250575583 -1.7918626960977888
229.65401379516902 -75.41542481923331 -1.794374711280032
229.8897791096055 -74.97450713271078 -1.796886726462275
230.125544424042 -74.53358944618826 -1.799398741644518
230.25061246703194 -74.04948930520733 -1.8016433184231395
230.37568051002188 -73.5653891642264 -1.803887895201761
230.50074855301182 -73.08128902324547 -1.8061324719803824
230.57312950344783 -72.58655804501828 -1.8076348688458839
230.64551045388384 -72.09182706679108 -1.8091372657113853
230.71789140431986 -71.59709608856389 -1.8106396625768868
230.79027235475587 -71.10236511033669 -1.8121420594423883
230.86265330519188 -70.6076341321095 -1.8136444563078897
230.8762846790487 -70.51446233922616 -1.82061
230.8762846790487 -70.51446233922616 -1.82061
230.87995577958912 -70.01447692217694 -1.8195584492666383
230.88362688012955 -69.51449150512772 -1.8185068985332766
230.88729798066998 -69.0145060880785 -1.817455347799915
230.89096908121041 -68.51452067102929 -1.8164037970665532
230.89464018175084 -68.01453525398007 -1.8153522463331915
230.89831128229127 -67.51454983693085 -1.8143006955998298
230.9019823828317 -67.01456441988164 -1.813249144866468
230.90565348337213 -66.51457900283242 -1.8121975941331063
230.90932458391256 -66.0145935857832 -1.8111460433997446
230.912995684453 -65.51460816873399 -1.810094492666383
230.91666678499342 -65.01462275168477 -1.8090429419330212
230.92033788553385 -64.51463733463555 -1.8079913911996595
230.92400898607428 -64.01465191758633 -1.8069398404662977
230.9276800866147 -63.51466650053712 -1.805888289732936
230.93135118715514 -63.0146810834879 -1.8048367389995743
230.93502228769557 -62.51469566643868 -1.8037851882662126
230.938693388236 -62.014710249389466 -1.8027336375328509
230.94236448877643 -61.51472483234025 -1.8016820867994892
230.94603558931686 -61.01473941529103 -1.8006305360661274
230.9497066898573 -60.514753998241815 -1.7995789853327657
230.95337779039772 -60.0147685811926 -1.798527434599404
230.95704889093815 -59.51478316414338 -1.7974758838660423
230.96071999147858 -59.014797747094164 -1.7964243331326806
230.964391092019 -58.51481233004495 -1.7953727823993189
230.96806219255944 -58.01482691299573 -1.7943212316659571
230.97173329309987 -57.51484149594651 -1.7932696809325954
230.9754043936403 -57.014856078897296 -1.7922181301992337
230.9631558715527 -56.51511140956435 -1.781959515284243
230.95090734946507 -56.0153667402314 -1.771700900369252
230.90511974534186 -55.51762429497998 -1.7592127658488605
230.85933214121866 -55.01988184972856 -1.746724631328469
230.81354453709545 -54.522139404477144 -1.7342364968080775
230.71020646872458 -54.03316508357551 -1.7192245973892044
230.6068684003537 -53.54419076267388 -1.7042126979703314
230.4555724935342 -53.06809530901345 -1.6831730310639146
230.2567827280963 -52.60952454103066 -1.669191618087437
230.05799296265843 -52.15095377304787 -1.6552102051109596
229.81398007833792 -51.71473749960873 -1.6420544051560872
229.5699671940174 -51.278521226169595 -1.6288986052012149
229.26229007430018 -50.88472741979098 -1.6127360540304798
228.95461295458296 -50.49093361341236 -1.5965735028597448
228.6177941675703 -50.12249660496112 -1.5681609084896262
228.2436026511133 -49.79285245262784 -1.5318918880442793
227.84057595078852 -49.497937224378155 -1.5075097845304375
227.4146247286815 -49.236752952352596 -1.4888461184377622
226.9886735065745 -48.97556868032704 -1.4701824523450868
226.51868750636453 -48.80547041121842 -1.4567757953086575
226.04870150615457 -48.63537214210981 -1.4433691382722282
225.56443111405395 -48.51151329326852 -1.4314875180790183
225.08016072195332 -48.387654444427234 -1.4196058978858084
224.58860883852256 -48.2967185506945 -1.4092420604356748
224.0970569550918 -48.205782656961766 -1.3988782229855412
223.60550507166104 -48.11484676322903 -1.3885143855354076
223.10688321905704 -48.077869653528424 -1.385524157460178
222.60826136645304 -48.040892543827816 -1.3825339293849483
222.10963951384903 -48.00391543412721 -1.3795437013097187
221.61101766124503 -47.9669383244266 -1.376553473234489
221.11239580864103 -47.92996121472599 -1.3735632451592594
220.61377395603702 -47.892984105025384 -1.3705730170840298
220.11515210343302 -47.856006995324776 -1.3675827890088001
219.61653025082902 -47.81902988562417 -1.3645925609335705
219.117908398225 -47.78205277592356 -1.3616023328583409
218.619286545621 -47.74507566622295 -1.3586121047831112
218.120664693017 -47.708098556522344 -1.3556218767078816
217.622042840413 -47.671121446821736 -1.352631648632652
217.12210089636645 -47.66359719998299 -1.3514323603145493
216.6221589523199 -47.65607295314424 -1.3502330719964466
216.12221700827334 -47.64854870630549 -1.349033783678344
215.62227506422678 -47.64102445946674 -1.3478344953602412
215.12233312018023 -47.63350021262799 -1.3466352070421386
214.62239117613368 -47.625975965789245 -1.345435918724036
214.12244923208712 -47.618451718950496 -1.3442366304059332
213.62250728804057 -47.61092747211175 -1.3430373420878305
213.122565343994 -47.603403225273 -1.3418380537697279
212.62262339994746 -47.59587897843425 -1.3406387654516252
212.1226814559009 -47.5883547315955 -1.3394394771335225
211.62273951185435 -47.58083048475675 -1.3382401888154198
211.1227975678078 -47.573306237918004 -1.3370409004973172
210.62285562376124 -47.565781991079255 -1.3358416121792145
210.12291367971469 -47.55825774424051 -1.3346423238611118
209.62297173566813 -47.55073349740176 -1.3334430355430091
209.12302979162158 -47.54320925056301 -1.3322437472249065
208.62308784757502 -47.53568500372426 -1.3310444589068038
208.12314590352847 -47.52816075688551 -1.329845170588701
207.6232039594819 -47.520636510046764 -1.3286458822705984
207.12326201543536 -47.513112263208015 -1.3274465939524958
206.6233200713888 -47.505588016369266 -1.326247305634393
206.12337812734225 -47.49806376953052 -1.3250480173162904
205.6234361832957 -47.49053952269177 -1.3238487289981877
205.12343830160881 -47.49194725652214 -1.323479142611238
204.62344041992193 -47.49335499035251 -1.3231095562242883
204.12344253823505 -47.49476272418288 -1.3227399698373385
203.62344465654817 -47.496170458013246 -1.3223703834503888
203.1234467748613 -47.497578191843616 -1.322000797063439
202.6234488931744 -47.498985925673985 -1.3216312106764894
202.12345101148753 -47.500393659504354 -1.3212616242895396
201.62345312980065 -47.50180139333472 -1.32089203790259
201.12345524811377 -47.50320912716509 -1.3205224515156402
200.6234573664269 -47.50461686099546 -1.3201528651286905
200.12345948474 -47.50602459482583 -1.3197832787417407
199.62346160305313 -47.5074323286562 -1.319413692354791
199.12346372136625 -47.50884006248657 -1.3190441059678413
198.62346583967937 -47.51024779631694 -1.3186745195808915
198.1234679579925 -47.51165553014731 -1.3183049331939418
197.6234700763056 -47.51306326397768 -1.317935346806992
197.12347219461873 -47.51447099780805 -1.3175657604200424
196.62347431293185 -47.515878731638416 -1.3171961740330926
196.12347643124497 -47.517286465468786 -1.316826587646143
195.6234785495581 -47.518694199299155 -1.3164570012591932
195.1234806678712 -47.520101933129524 -1.3160874148722435
194.62348278618433 -47.52150966695989 -1.3157178284852937
194.12348490449745 -47.52291740079026 -1.315348242098344
193.62348702281056 -47.52432513462063 -1.3149786557113943
193.12348914112368 -47.525732868451 -1.3146090693244445
192.6234912594368 -47.52714060228137 -1.3142394829374948
192.12349337774992 -47.52854833611174 -1.313869896550545
191.62349549606304 -47.52995606994211 -1.3135003101635954
191.12349761437616 -47.53136380377248 -1.3131307237766456
190.62349973268928 -47.53277153760285 -1.312761137389696
190.1235018510024 -47.53417927143322 -1.3123915510027462
189.62350396931552 -47.53558700526359 -1.3120219646157965
189.12350608762864 -47.536994739093956 -1.3116523782288467
188.62350820594176 -47.538402472924325 -1.311282791841897
188.12351032425488 -47.539810206754694 -1.3109132054549473
187.623512442568 -47.541217940585064 -1.3105436190679975
187.12351456088112 -47.54262567441543 -1.3101740326810478
186.62351667919424 -47.5440334082458 -1.309804446294098
186.12351879750736 -47.54544114207617 -1.3094348599071484
185.62352091582048 -47.54684887590654 -1.3090652735201986
185.1235230341336 -47.54825660973691 -1.308695687133249
184.62352515244672 -47.54966434356728 -1.3083261007462992
184.12352727075984 -47.55107207739765 -1.3079565143593495
183.62352938907296 -47.55247981122802 -1.3075869279723997
183.12353150738608 -47.55388754505839 -1.30721734158545
182.6235336256992 -47.55529527888876 -1.3068477551985003
182.12353574401232 -47.556703012719126 -1.3064781688115505
181.62353786232543 -47.558110746549495 -1.3061085824246008
181.12353998063855 -47.559518480379865 -1.305738996037651
180.62354209895167 -47.560926214210234 -1.3053694096507014
180.1235442172648 -47.5623339480406 -1.3049998232637516
179.6235463355779 -47.56374168187097 -1.304630236876802
179.12354845389103 -47.56514941570134 -1.3042606504898522
178.62355057220415 -47.56655714953171 -1.3038910641029025
178.12355269051727 -47.56796488336208 -1.3035214777159527
177.6235548088304 -47.56937261719245 -1.303151891329003
177.1235569271435 -47.57078035102282 -1.3027823049420533
176.62355904545663 -47.57218808485319 -1.3024127185551035
176.12356116376975 -47.57359581868356 -1.3020431321681538
175.62356328208287 -47.57500355251393 -1.301673545781204
175.123565400396 -47.576411286344296 -1.3013039593942544
174.6235675187091 -47.577819020174665 -1.3009343730073046
174.12356963702223 -47.579226754005035 -1.300564786620355
173.62357175533535 -47.580634487835404 -1.3001952002334052
173.12357387364847 -47.58204222166577 -1.2998256138464555
172.6235759919616 -47.58344995549614 -1.2994560274595057
172.1235781102747 -47.58485768932651 -1.299086441072556
171.62358022858783 -47.58626542315688 -1.2987168546856063
171.12358234690095 -47.58767315698725 -1.2983472682986565
170.62358446521407 -47.58908089081762 -1.2979776819117068
170.12358658352719 -47.59048862464799 -1.297608095524757
169.6235887018403 -47.59189635847836 -1.2972385091378074
169.12359082015342 -47.59330409230873 -1.2968689227508576
168.62359293846654 -47.5947118261391 -1.296499336363908
168.12359505677966 -47.596119559969466 -1.2961297499769582
167.62359717509278 -47.597527293799835 -1.2957601635900085
167.1235992934059 -47.598935027630205 -1.2953905772030587
166.62360141171902 -47.600342761460574 -1.295020990816109
166.12360353003214 -47.60175049529094 -1.2946514044291593
165.62360564834526 -47.60315822912131 -1.2942818180422095
165.12361176715754 -47.60103367315826 -1.293014917570638
164.62361788596982 -47.59890911719521 -1.2917480170990665
164.1236240047821 -47.59678456123216 -1.290481116627495
163.62363012359438 -47.59466000526911 -1.2892142161559235
163.12363624240666 -47.59253544930606 -1.287947315684352
162.62364236121894 -47.59041089334301 -1.2866804152127804
162.12364848003122 -47.58828633737996 -1.285413514741209
161.6236545988435 -47.58616178141691 -1.2841466142696374
161.12366071765578 -47.58403722545386 -1.2828797137980659
160.62366683646806 -47.58191266949081 -1.2816128133264943
160.12367295528034 -47.57978811352776 -1.2803459128549228
159.62367907409262 -47.57766355756471 -1.2790790123833513
159.1236851929049 -47.57553900160166 -1.2778121119117798
158.62369131171718 -47.57341444563861 -1.2765452114402083
158.12369743052946 -47.57128988967556 -1.2752783109686368
157.62370354934174 -47.56916533371251 -1.2740114104970652
157.12370966815402 -47.56704077774946 -1.2727445100254937
156.6237157869663 -47.56491622178641 -1.2714776095539222
156.12372190577858 -47.56279166582336 -1.2702107090823507
155.62372802459086 -47.56066710986031 -1.2689438086107792
155.12373414340314 -47.55854255389726 -1.2676769081392076
154.62374026221542 -47.55641799793421 -1.2664100076676361
154.1237463810277 -47.55429344197116 -1.2651431071960646
153.62378886839986 -47.54781577322893 -1.2644182798842272
153.123831355772 -47.541338104486705 -1.2636934525723897
152.62387384314417 -47.53486043574448 -1.2629686252605523
152.12391633051632 -47.52838276700225 -1.2622437979487149
151.62395881788848 -47.52190509826002 -1.2615189706368775
151.12400130526063 -47.51542742951779 -1.26079414332504
150.6240437926328 -47.508949760775565 -1.2600693160132026
150.12408628000495 -47.50247209203334 -1.2593444887013652
149.6241287673771 -47.49599442329111 -1.2586196613895277
149.12417125474926 -47.48951675454888 -1.2578948340776903
148.6242137421214 -47.48303908580665 -1.2571700067658529
148.12425622949357 -47.476561417064424 -1.2564451794540155
147.62429871686572 -47.470083748322196 -1.255720352142178
147.12434120423788 -47.46360607957997 -1.2549955248303406
146.62438369161003 -47.45712841083774 -1.2542706975185032
146.1244261789822 -47.45065074209551 -1.2535458702066657
145.62446866635435 -47.444173073353284 -1.2528210428948283
145.1245111537265 -47.437695404611055 -1.252096215582991
144.62455364109866 -47.43121773586883 -1.2513713882711535
144.1245961284708 -47.4247400671266 -1.250646560959316
143.62463861584297 -47.41826239838437 -1.2499217336474786
143.12468110321512 -47.41178472964214 -1.2491969063356412
142.62472359058728 -47.405307060899915 -1.2484720790238037
142.12476607795944 -47.39882939215769 -1.2477472517119663
141.6248085653316 -47.39235172341546 -1.247022424400129
141.12485105270375 -47.38587405467323 -1.2462975970882915
140.6248935400759 -47.379396385931 -1.245572769776454
140.12493602744806 -47.372918717188774 -1.2448479424646166
139.6249785148202 -47.366441048446546 -1.2441231151527792
139.12502100219237 -47.35996337970432 -1.2433982878409418
138.62506348956452 -47.35348571096209 -1.2426734605291043
138.12510597693668 -47.34700804221986 -1.241948633217267
137.62514846430884 -47.340530373477634 -1.2412238059054295
137.125190951681 -47.334052704735406 -1.240498978593592
136.62523343905315 -47.32757503599318 -1.2397741512817546
136.1252759264253 -47.32109736725095 -1.2390493239699172
135.62531841379746 -47.31461969850872 -1.2383244966580798
135.1253609011696 -47.30814202976649 -1.2375996693462423
134.62540338854177 -47.301664361024265 -1.236874842034405
134.12544587591393 -47.29518669228204 -1.2361500147225675
133.62548836328608 -47.28870902353981 -1.23542518741073
133.1300863852087 -47.35605308244964 -1.228970898404927
132.63468440713132 -47.42339714135947 -1.222516609399124
132.13928242905394 -47.490741200269305 -1.216062320393321
131.64388045097655 -47.55808525917914 -1.209608031387518
131.1570689834691 -47.67160606145862 -1.198311016159674
130.67025751596162 -47.7851268637381 -1.18701400093183
130.1983118366847 -47.94974184450664 -1.1740069290701636
129.72636615740777 -48.11435682527518 -1.1609998572084972
129.25442047813084 -48.27897180604372 -1.1479927853468308
128.83242252536516 -48.54687969018392 -1.1360306167681287
128.41042457259948 -48.81478757432412 -1.1240684481894265
128.03118702483948 -49.14046096209495 -1.1133108059356334
127.6519494770795 -49.466134349865776 -1.1025531636818402
127.27271192931951 -49.7918077376366 -1.091795521428047
126.97591262433107 -50.1940909102139 -1.0829399232255845
126.67911331934263 -50.5963740827912 -1.074084325023122
126.3823140143542 -50.9986572553685 -1.0652287268206595
126.18572971732117 -51.45831508585359 -1.0569044830851742
125.98914542028814 -51.917972916338684 -1.0485802393496888
125.79256112325511 -52.377630746823776 -1.0402559956142035
125.59597682622208 -52.83728857730887 -1.031931751878718
125.47731314360844 -53.322959242443005 -1.025379236580494
125.3586494609948 -53.80862990757714 -1.0188267212822697
125.23998577838115 -54.29430057271128 -1.0122742059840455
125.12132209576751 -54.779971237845416 -1.0057216906858213
125.06882543539406 -55.2771757851375 -1.0000879706263706
125.01632877502061 -55.77438033242959 -0.9944542505669198
124.96383211464716 -56.27158487972167 -0.9888205305074691
124.91133545427371 -56.76878942701376 -0.9831868104480184
124.85883879390026 -57.26599397430584 -0.9775530903885676
124.85893662362888 -57.765991809994496 -0.9760851884831844
124.8590344533575 -58.26598964568315 -0.9746172865778011
124.85913228308611 -58.7659874813718 -0.9731493846724178
124.85923011281473 -59.265985317060455 -0.9716814827670346
124.85932794254335 -59.76598315274911 -0.9702135808616513
124.85942577227196 -60.26598098843776 -0.9687456789562681
124.85952360200058 -60.765978824126414 -0.9672777770508848
124.8596214317292 -61.26597665981507 -0.9658098751455015
124.85971926145781 -61.76597449550372 -0.9643419732401183
124.85981709118643 -62.26597233119237 -0.962874071334735
124.85991492091505 -62.765970166881026 -0.9614061694293518
124.86001275064366 -63.26596800256968 -0.9599382675239685
124.86011058037228 -63.76596583825833 -0.9584703656185852
124.8602084101009 -64.26596367394698 -0.957002463713202
124.86030623982951 -64.76596150963564 -0.9555345618078187
124.86040406955813 -65.2659593453243 -0.9540666599024354
124.86050189928675 -65.76595718101296 -0.9525987579970522
124.86059972901536 -66.26595501670162 -0.9511308560916689
124.86069755874398 -66.76595285239028 -0.9496629541862857
124.8607953884726 -67.26595068807895 -0.9481950522809024
124.86089321820121 -67.7659485237676 -0.9467271503755191
124.86099104792983 -68.26594635945627 -0.9452592484701359
124.86108887765845 -68.76594419514493 -0.9437913465647526
124.86115389346378 -69.09823339199647 -0.913556
124.86115389346378 -69.09823339199647 -0.913556
124.87562519957177 -69.5980211108616 -0.9118774973571582
124.89009650567976 -70.09780882972672 -0.9101989947143163
124.90456781178776 -70.59759654859184 -0.9085204920714745
124.8899688144519 -71.09737083781903 -0.9049808445977346
124.87536981711605 -71.59714512704622 -0.9014411971239948
124.80701846417534 -72.09243205948083 -0.8970883692287106
124.67372921466661 -72.57432328048075 -0.8932377733536422
124.54043996515787 -73.05621450148068 -0.8893871774785738
124.20315820584109 -73.42530268820535 -0.8855238560492137
123.78232896227046 -73.69526733533088 -0.8808508422301434
123.36149971869982 -73.96523198245642 -0.8761778284110732
122.88307527192129 -74.11042140082529 -0.870693166310548
122.38957880229631 -74.19075988041413 -0.8680543853343674
121.89608233267134 -74.27109836000298 -0.8654156043581868
121.45803821604932 -74.34240950504318 -0.856763
121.45803821604932 -74.34240950504318 -0.856763
120.95821935814767 -74.3514547691795 -0.8467984386646469
120.45840050024603 -74.36050003331582 -0.8368338773292937
119.95858164234438 -74.36954529745213 -0.8268693159939405
119.45876278444274 -74.37859056158845 -0.8169047546585874
118.9589439265411 -74.38763582572477 -0.8069401933232342
118.45912506863945 -74.39668108986109 -0.796975631987881
117.95930621073781 -74.40572635399741 -0.7870110706525278
117.45948735283616 -74.41477161813373 -0.7770465093171747
116.95966849493452 -74.42381688227005 -0.7670819479818215
116.45984963703287 -74.43286214640636 -0.7571173866464683
115.96232060864887 -74.48112336716582 -0.7454674730813968
115.46479158026486 -74.52938458792528 -0.7338175595163253
114.96726255188085 -74.57764580868474 -0.7221676459512538
114.46973352349684 -74.62590702944419 -0.7105177323861823
113.97220449511283 -74.67416825020365 -0.6988678188211108
113.47467546672883 -74.7224294709631 -0.6872179052560393
112.97714643834482 -74.77069069172256 -0.6755679916909678
112.47961740996081 -74.81895191248202 -0.6639180781258963
111.9820883815768 -74.86721313324148 -0.6522681645608248
111.48519660033833 -74.92176059313445 -0.641171662549999
110.98830481909985 -74.97630805302742 -0.6300751605391732
110.49141303786138 -75.0308555129204 -0.6189786585283474
109.9945212566229 -75.08540297281337 -0.6078821565175216
109.49762947538443 -75.13995043270634 -0.5967856545066959
109.00073769414595 -75.19449789259932 -0.5856891524958701
108.50384591290748 -75.24904535249229 -0.5745926504850443
108.006954131669 -75.30359281238526 -0.5634961484742185
107.51006235043053 -75.35814027227823 -0.5523996464633927
107.01317056919206 -75.41268773217121 -0.5413031444525669
106.51785865127167 -75.48004377217684 -0.5299335428419618
106.02254673335128 -75.54739981218248 -0.5185639412313567
105.52723481543089 -75.61475585218811 -0.5071943396207517
105.0319228975105 -75.68211189219375 -0.49582473801014654
104.53661097959011 -75.74946793219938 -0.4844551363995414
104.04129906166972 -75.81682397220501 -0.4730855347889363
103.54598714374933 -75.88418001221065 -0.46171593317833115
103.05067522582894 -75.95153605221628 -0.450346331567726
102.55536330790855 -76.01889209222192 -0.4389767299571209
102.20586516050389 -76.06641933787614 -0.324502
102.20586516050389 -76.06641933787614 -0.324502
101.72217518880693 -76.1929765031211 -0.31927751869032533
101.23848521710997 -76.31953366836606 -0.31405303738065066
100.754795245413 -76.44609083361102 -0.308828556070976
100.27110527371605 -76.57264799885598 -0.3036040747613013
99.78741530201908 -76.69920516410095 -0.2983795934516266
99.30372533032212 -76.8257623293459 -0.29315511214195195
98.82003535862516 -76.95231949459087 -0.28793063083227727
98.3363453869282 -77.07887665983583 -0.2827061495226026
97.85265541523124 -77.20543382508079 -0.2774816682129279
97.36896544353428 -77.33199099032575 -0.27225718690325323
96.88527547183732 -77.45854815557071 -0.26703270559357856
96.40158550014036 -77.58510532081567 -0.2618082242839039
95.9178955284434 -77.71166248606063 -0.2565837429742292
95.43420555674643 -77.8382196513056 -0.2513592616645545
94.95051558504947 -77.96477681655055 -0.24613478035487985
94.46682561335251 -78.09133398179551 -0.24091029904520517
93.98313564165555 -78.21789114704048 -0.2356858177355305
93.49944566995859 -78.34444831228544 -0.2304613364258558
93.01575569826163 -78.4710054775304 -0.22523685511618113
92.53206572656467 -78.59756264277536 -0.22001237380650646
92.0483757548677 -78.72411980802032 -0.21478789249683178
91.56468578317075 -78.85067697326528 -0.2095634111871571
91.08099581147378 -78.97723413851024 -0.20433892987748242
90.59730583977682 -79.1037913037552 -0.19911444856780774
90.11361586807986 -79.23034846900016 -0.19388996725813307
89.6299258963829 -79.35690563424512 -0.1886654859484584
89.14623592468594 -79.48346279949008 -0.1834410046387837
88.66254595298898 -79.61001996473505 -0.17821652332910903
88.17885598129202 -79.73657712998 -0.17299204201943436
87.69516600959506 -79.86313429522497 -0.16776756070975968
87.2114760378981 -79.98969146046993 -0.162543079400085
86.72778606620113 -80.11624862571489 -0.15731859809041032
86.24409609450417 -80.24280579095985 -0.15209411678073564
85.76040612280721 -80.36936295620481 -0.14686963547106097
85.27671615111025 -80.49592012144977 -0.1416451541613863
84.79302617941329 -80.62247728669473 -0.1364206728517116
84.30933620771633 -80.74903445193969 -0.13119619154203693
83.82564623601937 -80.87559161718465 -0.12597171023236226
83.3419562643224 -81.00214878242961 -0.12074722892268759
82.85826629262544 -81.12870594767458 -0.11552274761301293
82.37457632092848 -81.25526311291954 -0.11029826630333826
81.89088634923152 -81.3818202781645 -0.1050737849936636
81.40719637753456 -81.50837744340946 -0.09984930368398894
80.9235064058376 -81.63493460865442 -0.09462482237431427
80.43981643414064 -81.76149177389938 -0.08940034106463961
80.16111474146601 -81.83441388979554 0.151722
